# In-class work for activity 2
# 01/21/22

# Make a vector
heights <- c(30,41,20,22)
